v <- c(1, 3, 5, 7, 9)
7 %in% v
