v <- c(1, 2, 3, 4, 5)
v[3] <- 10
v
