v <- c(2, 4, 6, 8, 10)
v[c(1, 3, 5)]
